13312
27597
-17818
0
31846
8806
-23654
19661
1229
6963
1229
-12493
25088
-20787
-15718
-2765
31846
11469
16384
21913
32154
-23757
-32768
-11161
25088
-2662
21402
-18637
31846
-20787
16384
-7680
-23757
15053
-16947
-22938
23603
-19661
-922
14745
10598
22477
31641
25344
11162
-10650
14745
-26420
-22938
8295
-10956
-27136
5939
-22528
16793
6349
18534
-921
-20276
-6553
8192
-5478
5427
-27853
-27853
28313
29799
-20531
11980
5734
-1229
3277
1946
19354
29030
29747
2970
-31539
29030
-26368
12902615
23808
23808
615
-4455
8653
-11366
-32359
7987
-18432
-13978
-18432
-16435
-18432
-7424
-13978
-16435
-30976
14541
-10035
-1945
17715
-1945
17715
-18432
-7424
-13978
-16435
20940
-4455
8653
-30669
-6042
23808
20940
-32359
20940
20940
-32359
7987
1434
-10035
14746
-10035
-14797
23808
-18432
-7424
-13978
-23091
-205
2611
20940
14746
-1638
-10035
23808
14746
14746
23808
-14797
20890
-18432
-18432
-13978
-18432
-16435
-4455
2099
-30669
-6042
-1587
-16998
-16998
4608
24269
-15053
16640
-13824
31540
18790
-21606
15206
-8499
22784
-13721
-21606
-8499
30822
7168
7168
7168
-17561
2100
32051
